-- Data for the contract with two cashflows
1
1048576


-- Direction vectors
[
	[
		536870912, 268435456, 134217728, 67108864, 33554432, 16777216, 8388608, 4194304, 2097152, 1048576, 524288, 262144, 131072, 65536, 32768, 16384, 8192, 4096, 2048, 1024, 512, 256, 128, 64, 32, 16, 8, 4, 2, 1
	],
	[
		536870912, 805306368, 671088640, 1006632960, 570425344, 855638016, 713031680, 1069547520, 538968064, 808452096, 673710080, 1010565120, 572653568, 858980352, 715816960, 1073725440, 536879104, 805318656, 671098880, 1006648320, 570434048, 855651072, 713042560, 1069563840, 538976288, 808464432, 673720360, 1010580540, 572662306, 858993459
	],
	[
		536870912, 805306368, 402653184, 603979776, 973078528, 385875968, 595591168, 826277888, 438304768, 657457152, 999817216, 358875136, 538574848, 807862272, 406552576, 605372416, 975183872, 389033984, 597170176, 828646400, 437926400, 656873216, 1002152832, 357921088, 536885792, 805312304, 402662296, 603992420, 973085210, 385885991
	],
	[
		536870912, 805306368, 939524096, 335544320, 234881024, 721420288, 411041792, 616562688, 920649728, 1062207488, 381157376, 258736128, 771883008, 453181440, 545488896, 817971200, 954261504, 340963328, 238651392, 732843008, 417426944, 609285376, 909831040, 1068349120, 383778848, 256901168, 783810616, 460062740, 537001998, 805503019
	]
]

-- Model and market data
   -- Correlation
[
[[1.0000000, 0.0000000],
[0.0000000, 1.0000000]]
]
   
   -- Black-Scholes model data (volatility and drift) 
[[
  [0.1900000000000000, 0.1900000000000000],
  [0.1000000000000000, 0.1000000000000000]
]]

[[
  [-0.0276481070940405, -0.0276481070940405],
  [-0.0176481070940405, -0.0176481070940405]
]]

   -- Prices at start date
[[3758.05, 2758.05]]

   -- Model deterministic values
[[1,1]]

   -- Discounts
[[0.9945131082807135,0.980118006275436]]
-- end model and market data

-- Brownian Bridge metadata
[
[2,1],
[0,0],
[0,2]
]

[
[1.0,0.4459950848246495],
[0.0,0.726027397260274],
[0.0,0.273972602739726]
]